label timestamp flux energy band1 band2 band3 band4 band5 centroid rolloff flatness low_ratio high_ratio mfcc0 mfcc1 mfcc2 mfcc3 mfcc4 mfcc5 mfcc6 mfcc7 mfcc8 mfcc9 mfcc10 mfcc11 mfcc12
kick 9.243265 0.017625 0.000000 0.007148 0.013938 0.006325 0.002126 0.000300 52.711520 117.000000 0.809839 71.483081 3.002416 -291.304656 12.156667 -1.730170 11.406617 8.564292 0.011345 1.416226 1.605760 -0.909727 0.183803 -0.000000 -0.183803 0.909727
kick 10.491338 0.021607 0.000000 0.015892 0.003387 0.001814 0.002638 0.000219 34.254756 139.000000 0.747779 158.922769 2.194918 -295.944806 22.020094 13.577398 7.681843 4.633836 2.594840 0.567201 -0.947450 -1.255316 -0.144475 -0.000000 0.144475 1.255316
kick 10.999274 0.028251 0.000000 0.021613 0.004043 0.005921 0.003992 0.000611 44.681437 148.000000 0.700554 216.127890 6.106435 -289.302307 23.152485 16.496632 14.203409 4.089118 -0.818460 -2.165913 -3.134011 -2.777856 -2.075722 -0.000000 2.075722 2.777856
kick 11.452063 0.021361 0.000000 0.016329 0.002809 0.002157 0.002661 0.000299 36.099358 139.000000 0.760430 163.285530 2.989559 -294.482163 23.512333 13.954644 6.257798 0.764700 -1.877633 -1.699942 -0.462657 0.482955 1.024070 -0.000000 -1.024070 -0.482955
kick 11.916463 0.048734 0.000000 0.031814 0.007803 0.005992 0.006304 0.000499 40.657324 139.000000 0.640120 318.139559 4.987099 -279.040039 28.227806 13.798561 10.065854 1.208249 -2.386416 -2.610979 0.070620 -1.129404 0.500380 -0.000000 -0.500380 1.129404
kick 12.392472 0.040733 0.000000 0.018026 0.010783 0.007160 0.006665 0.000453 52.418643 152.000000 0.766827 180.255563 4.525056 -282.257989 21.689378 6.893886 5.854098 1.728208 0.840223 1.194350 0.353701 -0.754451 1.027627 -0.000000 -1.027627 0.754451
kick 12.851066 0.015774 0.000000 0.002262 0.007811 0.004935 0.007994 0.000746 95.777934 183.000000 0.904795 22.619325 7.462161 -300.886233 0.144357 -1.672084 7.507628 4.598839 -2.195935 1.679927 4.126096 -0.561978 1.858276 -0.000000 -1.858276 0.561978
kick 13.745034 0.021180 0.000000 0.002240 0.013875 0.007258 0.012022 0.000759 95.039420 174.000000 0.866396 22.403139 7.591302 -295.802968 -3.436559 -6.977494 3.135835 5.177092 -1.407911 -4.127822 3.669622 -0.153498 1.464460 -0.000000 -1.464460 0.153498
kick 14.334240 0.010736 0.000000 0.002510 0.003074 0.011440 0.017998 0.002335 124.062340 194.000000 0.870901 25.095572 23.351631 -300.259599 -6.108896 7.088511 4.818340 1.113329 3.550712 0.411646 2.025674 0.586240 1.109290 -0.000000 -1.109290 -0.586240
kick 14.694150 0.010229 0.000000 0.002567 0.004424 0.012547 0.011867 0.001053 109.391438 184.000000 0.895066 25.665993 10.527840 -297.652482 -2.520240 2.490120 4.833529 -1.799589 -0.455224 -1.246125 -2.494226 0.732579 1.265493 -0.000000 -1.265493 -0.732579
kick 15.048254 0.016205 0.000000 0.003007 0.009257 0.007154 0.011627 0.000411 98.123674 178.000000 0.910864 30.069408 4.114041 -297.164912 -0.050333 -2.850493 -0.076817 2.322770 -1.027643 -0.496008 2.969082 1.974340 1.840883 -0.000000 -1.840883 -1.974340
kick 15.466213 0.013462 0.000000 0.004000 0.006724 0.008348 0.011433 0.000684 100.350317 182.000000 0.903695 40.000947 6.838303 -296.738559 1.454334 2.460175 3.030287 2.411499 -0.028622 1.730660 1.034427 -0.218159 1.527685 -0.000000 -1.527685 0.218159
kick 15.814512 0.012106 0.000000 0.001510 0.000993 0.005805 0.023492 0.008376 162.185330 214.000000 0.810972 15.096810 83.760828 -304.952447 -7.608871 10.311769 -2.345342 3.232627 1.195804 0.410541 0.944568 0.620112 0.298800 -0.000000 -0.298800 -0.620112
kick 16.249887 0.018066 0.000000 0.016527 0.003291 0.001848 0.002076 0.000209 30.238934 122.000000 0.726804 165.273692 2.092644 -295.115945 22.725835 14.596463 11.105494 7.329320 1.695310 -2.220228 -2.669070 -2.179963 -1.323704 -0.000000 1.323704 2.179963
kick 16.598186 0.018901 0.000000 0.003622 0.011010 0.006443 0.006757 0.000461 79.858917 167.000000 0.885286 36.221787 4.611754 -294.633139 4.280751 -5.469855 2.562115 2.135844 -2.753071 -0.697685 0.925885 0.603208 3.292369 -0.000000 -3.292369 -0.603208
kick 16.772336 0.012582 0.000000 0.006848 0.003395 0.002365 0.002951 0.000194 56.940507 164.000000 0.890762 68.483950 1.935552 -299.114638 16.291139 8.030733 3.745323 1.762758 -0.587904 -1.924561 -0.288934 0.785251 0.505542 -0.000000 -0.505542 -0.785251
kick 17.164172 0.021011 0.000000 0.002013 0.002452 0.008268 0.019398 0.001065 130.539416 191.000000 0.864122 20.130599 10.651930 -301.500832 -3.912163 8.774882 0.295416 0.301903 2.757323 -1.936663 2.212427 -0.403581 1.246141 -0.000000 -1.246141 0.403581
kick 17.370249 0.010511 0.000000 0.010647 0.002068 0.001799 0.001732 0.000187 37.068130 138.000000 0.825490 106.473294 1.872123 -299.370547 19.218461 12.571517 6.586502 2.333001 0.738260 0.757978 0.589633 0.374934 0.300149 -0.000000 -0.300149 -0.374934
kick 17.718549 0.015095 0.000000 0.006474 0.012787 0.004108 0.005277 0.000191 61.962020 158.000000 0.857111 64.744921 1.913457 -290.201122 13.622494 -2.482348 1.440136 3.951134 -1.600986 -2.275429 0.339780 0.184355 2.781823 -0.000000 -2.781823 -0.184355
kick 17.918821 0.011375 0.000000 0.011704 0.003384 0.003067 0.003469 0.000442 50.145251 163.000000 0.816205 117.039994 4.417273 -295.094955 20.155494 11.708211 7.868338 4.023770 0.553044 -0.561278 0.344718 2.521485 3.078967 -0.000000 -3.078967 -2.521485
kick 18.554467 0.013108 0.000000 0.011194 0.003733 0.002529 0.002893 0.000219 45.498461 151.000000 0.828006 111.940953 2.192507 -295.819554 20.385713 11.479508 6.481449 2.276153 0.368307 0.837700 1.299821 0.882633 1.082571 -0.000000 -1.082571 -0.882633
kick 19.399093 0.019660 0.000000 0.019055 0.003475 0.002282 0.003088 0.000296 34.214244 139.000000 0.704079 190.551254 2.956244 -294.576446 22.898238 15.646062 12.163324 8.369044 2.794371 -1.524976 -2.319557 -1.868724 -0.543346 -0.000000 0.543346 1.868724
kick 19.967982 0.013235 0.000000 0.008516 0.002571 0.001702 0.002128 0.000169 45.483606 152.000000 0.864248 85.162399 1.685189 -300.905228 16.545938 10.788409 7.038773 2.936490 -0.279915 -0.462862 0.771076 0.883069 0.701545 -0.000000 -0.701545 -0.883069
kick 20.510748 0.017567 0.000000 0.015700 0.002320 0.001618 0.001884 0.000173 29.153183 124.000000 0.737039 157.000741 1.734073 -296.904717 22.075382 15.182624 10.244890 6.078435 1.753799 -1.281551 -1.167049 -0.499170 -0.082706 -0.000000 0.082706 0.499170
snare 21.999728 0.024454 0.000000 0.002711 0.004259 0.010379 0.007391 0.002084 104.757518 193.000000 0.906573 27.110117 20.836740 -300.841393 -0.251459 2.782357 7.217290 0.872286 0.752030 3.857915 -1.614394 -0.667324 -0.043912 -0.000000 0.043912 0.667324
snare 22.124535 0.011493 0.000000 0.004773 0.005733 0.006961 0.002510 0.001079 73.041186 183.000000 0.902224 47.726713 10.785726 -298.434524 9.032837 2.582122 7.029026 2.024080 2.866859 3.057942 0.494495 2.620266 -0.422428 -0.000000 0.422428 -2.620266
snare 23.233288 0.053512 0.000000 0.006925 0.018472 0.016719 0.014057 0.000756 81.478917 147.000000 0.777844 69.247698 7.560712 -279.012073 4.580303 -3.705795 -1.616662 -4.743136 0.329877 -0.976846 5.197505 -3.009034 -1.943445 -0.000000 1.943445 3.009034
snare 23.718005 0.154678 0.000000 0.006050 0.076414 0.065934 0.013773 0.001423 74.196797 127.000000 0.552911 60.499468 14.234576 -260.347635 -3.708177 -22.085304 3.943634 -2.886634 4.717048 -5.819654 4.850610 0.543166 -3.227862 -0.000000 3.227862 -0.543166
snare 24.185306 0.067588 0.000000 0.005962 0.043226 0.016543 0.003893 0.000296 57.303493 114.000000 0.682415 59.620978 2.963712 -276.126770 6.963452 -18.503708 1.668980 0.847320 0.972130 -0.226265 0.984925 -1.245258 1.277421 -0.000000 -1.277421 1.245258
snare 24.638095 0.041955 0.000000 0.003351 0.025464 0.014241 0.001263 0.000137 59.712217 110.000000 0.769343 33.505164 1.368724 -286.838194 3.760709 -14.559262 3.198793 0.513646 0.662355 0.325942 0.855281 -0.161083 -0.658615 -0.000000 0.658615 0.161083
snare 24.890612 0.253288 0.000000 0.009303 0.112719 0.096223 0.037693 0.000573 79.344814 138.000000 0.563347 93.028784 5.730612 -249.468943 -6.252477 -18.225347 4.393644 -5.002393 -0.528108 -5.540332 1.243260 -3.407007 0.969663 -0.000000 -0.969663 3.407007
snare 25.134422 0.026283 0.000000 0.002282 0.015455 0.006163 0.004137 0.000066 69.408377 150.000000 0.865321 22.815437 0.656654 -297.049548 2.347244 -9.232502 3.862103 3.409079 -3.218967 -0.363736 2.827103 -1.128996 0.437899 -0.000000 -0.437899 1.128996
snare 25.799093 0.020601 0.000000 0.003951 0.013482 0.004075 0.000964 0.000086 47.387898 114.000000 0.846450 39.510353 0.862840 -295.725763 10.208222 -7.305428 -3.977066 1.954228 3.503949 0.675875 1.531992 0.569024 -0.632968 -0.000000 0.632968 -0.569024
snare 26.780136 0.017521 0.000000 0.001524 0.007499 0.006412 0.003001 0.000255 75.453594 146.000000 0.939542 15.243729 2.546507 -303.682806 2.375498 -5.166999 -1.105900 0.219415 2.379183 0.476349 1.416988 0.499145 0.147215 -0.000000 -0.147215 -0.499145
snare 27.569615 0.093373 0.000000 0.008012 0.076421 0.005481 0.004936 0.000947 45.412604 74.000000 0.512593 80.115245 9.474055 -270.204832 13.840368 -25.661796 -5.137184 4.333063 -3.718199 -0.967693 2.827491 -4.181988 -0.412322 -0.000000 0.412322 4.181988
snare 28.521633 0.021897 0.000000 0.004332 0.008292 0.005393 0.004047 0.001522 78.289941 178.000000 0.932551 43.320060 15.216563 -296.933265 9.832542 -1.085838 0.353998 0.756132 -0.734744 0.584845 1.448181 0.371599 -0.766386 -0.000000 0.766386 -0.371599
snare 29.441723 0.140895 0.000000 0.010815 0.087257 0.032120 0.012326 0.003821 65.747758 132.000000 0.598181 108.151387 38.212516 -261.206068 5.571636 -20.592777 4.023542 -2.590183 -7.764161 -0.090628 3.118048 -0.961121 -1.291570 -0.000000 1.291570 0.961121
snare 30.335692 0.115568 0.000000 0.007458 0.074256 0.025242 0.010978 0.000355 59.521131 126.000000 0.598359 74.584628 3.548037 -264.471123 5.056109 -22.659113 -0.874219 -1.123327 1.925522 -1.546374 0.301188 -0.612737 -1.572973 -0.000000 1.572973 0.612737
snare 31.232562 0.116369 0.000000 0.005477 0.061842 0.039315 0.017240 0.003611 76.227115 144.000000 0.683555 54.767580 36.109275 -264.356720 -1.768925 -19.938674 2.078798 -0.986952 3.976968 0.070897 -0.060968 -1.347871 2.984195 -0.000000 -2.984195 1.347871
snare 32.248435 0.019300 0.000000 0.002203 0.007857 0.008672 0.002053 0.000153 69.412612 129.000000 0.899105 22.034386 1.533080 -300.617460 2.453818 -4.771925 2.753933 -0.938453 2.371240 0.813731 0.915092 2.482699 -1.771318 -0.000000 1.771318 -2.482699
snare 33.124989 0.041339 0.000000 0.004304 0.014976 0.013344 0.010928 0.001254 80.001695 147.000000 0.813518 43.041999 12.544483 -285.973386 4.631168 -5.371245 -6.301686 -3.493568 7.381637 2.503842 3.403322 -0.573150 1.578011 -0.000000 -1.578011 0.573150
snare 33.966712 0.027326 0.000000 0.003907 0.015536 0.005518 0.003772 0.000191 58.931810 141.000000 0.857576 39.071871 1.910201 -292.291590 9.423413 -8.783528 -3.433527 -0.060526 0.334623 -0.637668 0.912796 0.372406 -0.523254 -0.000000 0.523254 -0.372406
snare 34.872290 0.056140 0.000000 0.002283 0.016653 0.024291 0.014091 0.001023 89.296708 149.000000 0.798168 22.829895 10.229169 -285.827127 -5.692200 -7.836569 6.312529 0.610594 6.336140 1.297599 1.686589 -1.517032 0.078205 -0.000000 -0.078205 1.517032
snare 35.722721 0.045936 0.000000 0.002849 0.019149 0.017913 0.007312 0.000194 76.677537 135.000000 0.754980 28.491206 1.940987 -288.898697 -2.345691 -9.884326 6.307815 -4.171397 -4.551389 0.948210 6.016372 -4.289118 0.563534 -0.000000 -0.563534 4.289118
hat 38.033107 0.032725 0.000000 0.005592 0.011418 0.007178 0.012146 0.000915 83.943819 159.000000 0.865057 55.917660 9.152746 -290.896881 5.748548 -0.583178 -0.154452 3.005487 5.812888 0.162475 2.759325 -2.396804 1.886078 -0.000000 -1.886078 2.396804
hat 38.468481 0.121044 0.000000 0.007360 0.054209 0.036467 0.026679 0.002546 81.025373 174.000000 0.732626 73.600662 25.459376 -262.388144 0.546934 -14.417327 -7.510920 -1.330738 2.939279 2.511868 1.934058 0.113474 -0.015508 -0.000000 0.015508 -0.113474
hat 38.863220 0.190248 0.000000 0.015485 0.071356 0.043104 0.061870 0.009421 93.079929 179.000000 0.675038 154.847838 94.214149 -249.137392 1.137902 -8.410343 -12.785025 -1.840701 2.039682 1.193004 -2.376855 -1.462846 0.816089 -0.000000 -0.816089 1.462846
hat 39.501769 0.118389 0.000000 0.010590 0.048017 0.037577 0.023505 0.005486 83.720877 175.000000 0.705052 105.899737 54.857259 -260.673509 1.528791 -12.067523 -7.472531 -7.398351 1.758893 -1.951362 2.852948 -2.041751 0.919296 -0.000000 -0.919296 2.041751
hat 39.861678 0.027955 0.000000 0.003830 0.013036 0.010045 0.003963 0.001632 74.442445 176.000000 0.873192 38.298512 16.319358 -292.044937 6.285065 -7.267286 -1.316900 -2.251977 2.322991 5.174973 2.129112 2.059726 -0.036441 -0.000000 0.036441 -2.059726
hat 40.172245 0.080960 0.000000 0.005419 0.025172 0.034662 0.016601 0.003716 91.560224 179.000000 0.779981 54.194274 37.159578 -271.726638 0.371425 -7.911247 0.675269 -0.723230 7.219517 -0.052842 -2.919839 -3.473507 -2.230971 -0.000000 2.230971 3.473507
hat 40.726621 0.126886 0.000000 0.018096 0.059090 0.038899 0.013633 0.004048 66.346605 133.000000 0.661532 180.955348 40.482722 -256.728906 12.844348 -12.066540 -4.073745 -7.669708 3.602276 -3.744884 0.834577 -0.346657 -2.290126 -0.000000 2.290126 0.346657
hat 41.176508 0.059994 0.000000 0.009815 0.025707 0.017154 0.010634 0.001168 69.695748 145.000000 0.803904 98.148957 11.680027 -275.393109 11.788668 -7.334708 -4.764047 -5.063854 2.842235 -1.457225 0.073194 -0.880097 -0.193772 -0.000000 0.193772 0.880097
hat 41.542222 0.183834 0.000000 0.021758 0.112746 0.039689 0.013260 0.004939 56.854512 124.000000 0.567401 217.579822 49.387511 -248.581469 15.147954 -19.170171 -4.184807 -3.639615 1.369159 -1.437441 0.065928 -1.915018 -0.793722 -0.000000 0.793722 1.915018
hat 41.965986 0.027286 0.000000 0.005053 0.014247 0.009541 0.003047 0.000525 62.464880 132.000000 0.863991 50.526593 5.252191 -290.045596 10.595234 -6.414647 -1.427390 -1.833595 1.792653 1.184440 0.126181 0.652588 -0.984595 -0.000000 0.984595 -0.652588
hat 42.340408 0.021128 0.000000 0.004013 0.008067 0.008434 0.002896 0.000868 73.592345 151.000000 0.917771 40.133856 8.675016 -298.782762 6.051622 -2.822417 -0.096707 -1.903634 2.068975 1.039777 0.818397 0.538433 -0.671123 -0.000000 0.671123 -0.538433
hat 42.778685 0.011238 0.000000 0.004226 0.005117 0.003505 0.002736 0.000409 67.599955 168.000000 0.931584 42.255154 4.085190 -302.914520 9.176607 0.980476 -1.369281 -1.590488 0.199530 1.568028 1.715257 0.102677 -0.786009 -0.000000 0.786009 -0.102677
hat 43.208254 0.143051 0.000000 0.020213 0.067082 0.036198 0.030386 0.002648 69.756424 160.000000 0.622697 202.128770 26.475355 -251.041342 10.018577 -9.949363 -6.388796 -2.287062 2.352389 -0.802674 1.831713 -2.979868 -0.925035 -0.000000 0.925035 2.979868
hat 43.649433 0.048083 0.000000 0.012860 0.028199 0.011846 0.006364 0.000738 51.290149 137.000000 0.682813 128.604055 7.382561 -273.209752 19.900733 -9.273698 -5.651223 -5.359104 0.939859 0.399529 -6.185328 -3.197875 -0.474552 -0.000000 0.474552 3.197875
hat 44.163175 0.146262 0.000000 0.014825 0.056516 0.048115 0.017463 0.021255 88.929654 214.000000 0.713825 148.251091 212.552003 -254.189460 6.015601 -9.784055 -2.108019 -2.457361 0.796554 2.106349 -4.118429 1.571154 -3.166398 -0.000000 3.166398 -1.571154
hat 44.604354 0.060410 0.000000 0.009437 0.014008 0.023577 0.016994 0.000942 89.741793 165.000000 0.807057 94.374082 9.422536 -276.144795 8.479043 4.394983 -0.995789 -5.357677 5.147868 -2.912072 -2.431132 -0.869982 -1.242112 -0.000000 1.242112 0.869982
hat 45.036825 0.325145 0.000000 0.035920 0.104357 0.119112 0.068925 0.007653 81.636694 169.000000 0.648190 359.199459 76.529690 -233.781403 6.361388 -8.243622 -5.871351 -10.351309 2.918862 1.002174 -4.311242 -0.374431 -0.407607 -0.000000 0.407607 0.374431
hat 45.437370 0.098380 0.000000 0.011683 0.036531 0.042209 0.015468 0.001432 74.370264 141.000000 0.737189 116.825688 14.321875 -264.576937 7.143391 -9.846729 -0.544165 -8.380231 2.559405 -0.729769 0.362067 -1.538019 -0.667522 -0.000000 0.667522 1.538019
hat 45.843719 0.131150 0.000000 0.016250 0.045055 0.060829 0.014064 0.008554 81.244559 174.000000 0.695477 162.497206 85.543464 -256.514595 6.184031 -8.303136 0.339058 -9.406274 0.856406 -0.029527 0.517990 0.991152 -4.324868 -0.000000 4.324868 -0.991152
hat 46.252971 0.078807 0.000000 0.014620 0.035288 0.016487 0.017217 0.003363 77.144828 178.000000 0.782070 146.204158 33.625215 -267.098091 11.846802 -5.629391 -3.584353 -2.502439 -3.869212 0.666581 2.986886 -0.528472 -3.094471 -0.000000 3.094471 0.528472
hat 46.653515 0.111618 0.000000 0.014358 0.050944 0.021789 0.018585 0.012760 79.703988 212.000000 0.714822 143.576165 127.600545 -260.655228 10.033342 -11.615008 -9.039750 -2.494792 -0.559404 1.096516 1.723424 -1.383425 -0.111803 -0.000000 0.111803 1.383425
hat 48.261497 0.010383 0.000000 0.001921 0.002078 0.003945 0.003493 0.000749 98.587010 195.000000 0.967311 19.205584 7.493271 -308.983946 3.780917 3.560466 3.900803 1.252551 1.401030 2.118466 0.163703 0.869577 0.440839 -0.000000 -0.440839 -0.869577
